00 02 00 0a 00 01 35 93 00 01 00 01 35 92 00 01
00 02 35 86 00 08 35 87 00 01 00 09 00 0f 94 48
00 00 00 01 00 00 00 00 00 01 00 00 00 00 00 00
00 00 00 00 00 00 ff ff ff ff 00 09 01 7b 15 0e
00 00 0b b5 00 00 e7 9c 00 00 13 9f 01 5b bf 22
00 00 0b b5 00 00 ed 01 00 00 13 5a 00 00 00 00
00 00 00 00 00 00 00 00 ff ff ff ff 00 00 00 00
00 00 00 00 00 00 00 00 ff ff ff ff 00 00 00 00
00 00 00 00 00 00 00 00 ff ff ff ff 00 00 00 00
00 00 00 00 00 00 00 00 ff ff ff ff 00 00 00 00
00 00 00 00 00 00 00 00 ff ff ff ff 00 00 00 00
00 00 00 00 00 00 00 00 ff ff ff ff 00 00 02 9e
00 00 00 96 00 00 00 17 00 00 00 00 00 10 7e a8
00 00 00 01 00 00 00 00 00 01 00 00 00 00 00 00
00 00 00 00 00 00 ff ff ff ff 00 09 01 0d 1a a8
00 00 0b b5 00 00 74 9d 00 00 00 00 00 ff 21 84
00 00 0b b5 00 00 74 59 00 00 00 00 00 00 00 00
00 00 00 00 00 00 00 00 ff ff ff ff 00 00 00 00
00 00 00 00 00 00 00 00 ff ff ff ff 00 00 00 00
00 00 00 00 00 00 00 00 ff ff ff ff 00 00 00 00
00 00 00 00 00 00 00 00 ff ff ff ff 00 00 00 00
00 00 00 00 00 00 00 00 ff ff ff ff 00 00 00 00
00 00 00 00 00 00 00 00 ff ff ff ff 00 00 02 30
00 00 00 96 00 00 00 10 00 00 00 00 00 10 09 78
00 00 00 01 00 00 00 00 00 01 00 00 00 00 00 00
00 00 00 00 00 00 ff ff ff ff 00 09 01 b5 5b a9
00 00 0b b5 00 00 b0 19 00 00 00 00 01 b1 e4 0d
00 00 0b b5 00 00 b0 19 00 00 00 00 00 00 00 00
00 00 00 00 00 00 00 00 ff ff ff ff 00 00 00 00
00 00 00 00 00 00 00 00 ff ff ff ff 00 00 00 00
00 00 00 00 00 00 00 00 ff ff ff ff 00 00 00 00
00 00 00 00 00 00 00 00 ff ff ff ff 00 00 00 00
00 00 00 00 00 00 00 00 ff ff ff ff 00 00 00 00
00 00 00 00 00 00 00 00 ff ff ff ff 00 00 17 60
00 00 00 96 00 00 00 34 00 00 00 00 00 10 a5 b8
00 00 00 01 00 00 00 00 00 01 00 00 00 00 00 00
00 00 00 00 00 00 ff ff ff ff 00 09 00 f0 70 7e
00 00 0b b5 00 00 74 59 00 00 00 00 00 f0 10 b6
00 00 0b b5 00 00 74 9d 00 00 00 00 00 00 00 00
00 00 00 00 00 00 00 00 ff ff ff ff 00 00 00 00
00 00 00 00 00 00 00 00 ff ff ff ff 00 00 00 00
00 00 00 00 00 00 00 00 ff ff ff ff 00 00 00 00
00 00 00 00 00 00 00 00 ff ff ff ff 00 00 00 00
00 00 00 00 00 00 00 00 ff ff ff ff 00 00 00 00
00 00 00 00 00 00 00 00 ff ff ff ff 00 00 03 d2
00 00 00 96 00 00 00 12 00 00 00 00 00 10 30 88
00 00 00 01 00 00 00 00 00 01 00 00 00 00 00 00
00 00 00 00 00 00 ff ff ff ff 00 09 01 71 cf 05
00 00 0b b5 00 00 b0 e9 00 00 00 00 01 6a f1 e1
00 00 0b b5 00 00 b0 19 00 00 00 00 00 00 00 00
00 00 00 00 00 00 00 00 ff ff ff ff 00 00 00 00
00 00 00 00 00 00 00 00 ff ff ff ff 00 00 00 00
00 00 00 00 00 00 00 00 ff ff ff ff 00 00 00 00
00 00 00 00 00 00 00 00 ff ff ff ff 00 00 00 00
00 00 00 00 00 00 00 00 ff ff ff ff 00 00 00 00
00 00 00 00 00 00 00 00 ff ff ff ff 00 00 02 d8
00 00 00 96 00 00 00 18 00 00 00 00 00 10 57 98
00 00 00 01 00 00 00 00 00 01 00 00 00 00 00 00
00 00 00 00 00 00 ff ff ff ff 00 09 01 31 08 17
00 00 0b b6 00 00 74 14 00 00 00 00 01 24 a3 b8
00 00 0b b6 00 00 76 3d 00 00 00 00 00 00 00 00
00 00 00 00 00 00 00 00 ff ff ff ff 00 00 00 00
00 00 00 00 00 00 00 00 ff ff ff ff 00 00 00 00
00 00 00 00 00 00 00 00 ff ff ff ff 00 00 00 00
00 00 00 00 00 00 00 00 ff ff ff ff 00 00 00 00
00 00 00 00 00 00 00 00 ff ff ff ff 00 00 00 00
00 00 00 00 00 00 00 00 ff ff ff ff 00 00 0c 90
00 00 00 95 00 00 00 19 00 00 00 00 00 0f 6d 38
00 00 00 01 00 00 00 00 00 01 00 00 00 00 00 00
00 00 00 00 00 00 ff ff ff ff 00 09 03 0e ef 14
00 00 0b b5 00 00 e9 c1 00 00 13 d9 03 01 66 db
00 00 0b b5 00 00 ea d5 00 00 13 65 00 00 00 00
00 00 00 00 00 00 00 00 ff ff ff ff 00 00 00 00
00 00 00 00 00 00 00 00 ff ff ff ff 00 00 00 00
00 00 00 00 00 00 00 00 ff ff ff ff 00 00 00 00
00 00 00 00 00 00 00 00 ff ff ff ff 00 00 00 00
00 00 00 00 00 00 00 00 ff ff ff ff 00 00 00 00
00 00 00 00 00 00 00 00 ff ff ff ff 00 00 02 26
00 00 00 96 00 00 00 17 00 00 00 00 00 0f e2 68
00 00 00 01 00 00 00 00 00 01 00 00 00 00 00 00
00 00 00 00 00 00 ff ff ff ff 00 09 01 96 95 e4
00 00 0b b5 00 00 b1 52 00 00 00 00 01 91 19 61
00 00 0b b5 00 00 b0 81 00 00 00 00 00 00 00 00
00 00 00 00 00 00 00 00 ff ff ff ff 00 00 00 00
00 00 00 00 00 00 00 00 ff ff ff ff 00 00 00 00
00 00 00 00 00 00 00 00 ff ff ff ff 00 00 00 00
00 00 00 00 00 00 00 00 ff ff ff ff 00 00 00 00
00 00 00 00 00 00 00 00 ff ff ff ff 00 00 00 00
00 00 00 00 00 00 00 00 ff ff ff ff 00 00 0a d0
00 00 00 96 00 00 00 34 00 00 00 00 00 0f bb 58
00 00 00 01 00 00 00 00 00 01 00 00 00 00 00 00
00 00 00 00 00 00 ff ff ff ff 00 09 02 60 67 23
00 00 0b b5 00 00 e9 c1 00 00 00 00 02 53 8b e7
00 00 0b b5 00 00 ea d5 00 00 00 00 00 00 00 00
00 00 00 00 00 00 00 00 ff ff ff ff 00 00 00 00
00 00 00 00 00 00 00 00 ff ff ff ff 00 00 00 00
00 00 00 00 00 00 00 00 ff ff ff ff 00 00 00 00
00 00 00 00 00 00 00 00 ff ff ff ff 00 00 00 00
00 00 00 00 00 00 00 00 ff ff ff ff 00 00 00 00
00 00 00 00 00 00 00 00 ff ff ff ff 00 00 03 2a
00 00 00 96 00 00 00 16 00 00 00 00 00 01 00 00
00 01 35 88 00 10 00 00 00 09 00 00 00 00 00 00
00 00 00 10 03 0e ef 14 00 00 0b b5 00 00 e9 c1
00 00 13 d9 03 01 66 db 00 00 0b b5 00 00 ea d5
00 00 13 65 00 00 00 00 00 00 00 00 00 00 00 00
ff ff ff ff 00 00 00 00 00 00 00 00 00 00 00 00
ff ff ff ff 00 00 00 00 00 00 00 00 00 00 00 00
ff ff ff ff 00 00 00 00 00 00 00 00 00 00 00 00
ff ff ff ff 00 00 00 00 00 00 00 00 00 00 00 00
ff ff ff ff 00 00 00 00 00 00 00 00 00 00 00 00
ff ff ff ff 00 00 00 00 00 00 00 00 00 00 00 00
ff ff ff ff 00 00 00 00 00 00 00 00 00 00 00 00
ff ff ff ff 00 00 00 00 00 00 00 00 00 00 00 00
ff ff ff ff 00 00 00 00 00 00 00 00 00 00 00 00
ff ff ff ff 00 00 00 00 00 00 00 00 00 00 00 00
ff ff ff ff 00 00 00 00 00 00 00 00 00 00 00 00
ff ff ff ff 00 00 00 00 00 00 00 00 00 00 00 00
ff ff ff ff 00 00 00 00 00 00 00 00 00 00 00 00
ff ff ff ff 00 00 00 00 00 01 00 00 00 00 00 10
01 96 95 e4 00 00 0b 3f 00 00 b1 52 00 00 13 5a
01 91 19 61 00 00 0b 40 00 00 b0 81 00 00 13 9f
00 00 00 00 00 00 00 00 00 00 00 00 ff ff ff ff
00 00 00 00 00 00 00 00 00 00 00 00 ff ff ff ff
00 00 00 00 00 00 00 00 00 00 00 00 ff ff ff ff
00 00 00 00 00 00 00 00 00 00 00 00 ff ff ff ff
00 00 00 00 00 00 00 00 00 00 00 00 ff ff ff ff
00 00 00 00 00 00 00 00 00 00 00 00 ff ff ff ff
00 00 00 00 00 00 00 00 00 00 00 00 ff ff ff ff
00 00 00 00 00 00 00 00 00 00 00 00 ff ff ff ff
00 00 00 00 00 00 00 00 00 00 00 00 ff ff ff ff
00 00 00 00 00 00 00 00 00 00 00 00 ff ff ff ff
00 00 00 00 00 00 00 00 00 00 00 00 ff ff ff ff
00 00 00 00 00 00 00 00 00 00 00 00 ff ff ff ff
00 00 00 00 00 00 00 00 00 00 00 00 ff ff ff ff
00 00 00 00 00 00 00 00 00 00 00 00 ff ff ff ff
00 00 00 00 00 06 00 00 00 00 00 10 02 60 67 23
00 00 0b b4 00 00 e9 c1 00 00 13 c2 02 53 8b e7
00 00 0b b4 00 00 ea d5 00 00 13 e5 00 00 00 00
00 00 00 00 00 00 00 00 ff ff ff ff 00 00 00 00
00 00 00 00 00 00 00 00 ff ff ff ff 00 00 00 00
00 00 00 00 00 00 00 00 ff ff ff ff 00 00 00 00
00 00 00 00 00 00 00 00 ff ff ff ff 00 00 00 00
00 00 00 00 00 00 00 00 ff ff ff ff 00 00 00 00
00 00 00 00 00 00 00 00 ff ff ff ff 00 00 00 00
00 00 00 00 00 00 00 00 ff ff ff ff 00 00 00 00
00 00 00 00 00 00 00 00 ff ff ff ff 00 00 00 00
00 00 00 00 00 00 00 00 ff ff ff ff 00 00 00 00
00 00 00 00 00 00 00 00 ff ff ff ff 00 00 00 00
00 00 00 00 00 00 00 00 ff ff ff ff 00 00 00 00
00 00 00 00 00 00 00 00 ff ff ff ff 00 00 00 00
00 00 00 00 00 00 00 00 ff ff ff ff 00 00 00 00
00 00 00 00 00 00 00 00 ff ff ff ff 00 00 00 00
00 03 00 00 00 00 00 10 01 7b 15 0e 00 00 0b b5
00 00 e7 9c 00 00 13 9f 01 5b bf 22 00 00 0b b5
00 00 ed 01 00 00 13 5a 00 00 00 00 00 00 00 00
00 00 00 00 ff ff ff ff 00 00 00 00 00 00 00 00
00 00 00 00 ff ff ff ff 00 00 00 00 00 00 00 00
00 00 00 00 ff ff ff ff 00 00 00 00 00 00 00 00
00 00 00 00 ff ff ff ff 00 00 00 00 00 00 00 00
00 00 00 00 ff ff ff ff 00 00 00 00 00 00 00 00
00 00 00 00 ff ff ff ff 00 00 00 00 00 00 00 00
00 00 00 00 ff ff ff ff 00 00 00 00 00 00 00 00
00 00 00 00 ff ff ff ff 00 00 00 00 00 00 00 00
00 00 00 00 ff ff ff ff 00 00 00 00 00 00 00 00
00 00 00 00 ff ff ff ff 00 00 00 00 00 00 00 00
00 00 00 00 ff ff ff ff 00 00 00 00 00 00 00 00
00 00 00 00 ff ff ff ff 00 00 00 00 00 00 00 00
00 00 00 00 ff ff ff ff 00 00 00 00 00 00 00 00
00 00 00 00 ff ff ff ff 00 00 00 00 00 04 00 00
00 00 00 10 01 b5 5b a9 00 00 0a dd 00 00 b0 19
00 00 13 88 01 b1 e4 0d 00 00 0a e1 00 00 b0 19
00 00 13 93 00 00 00 00 00 00 00 00 00 00 00 00
ff ff ff ff 00 00 00 00 00 00 00 00 00 00 00 00
ff ff ff ff 00 00 00 00 00 00 00 00 00 00 00 00
ff ff ff ff 00 00 00 00 00 00 00 00 00 00 00 00
ff ff ff ff 00 00 00 00 00 00 00 00 00 00 00 00
ff ff ff ff 00 00 00 00 00 00 00 00 00 00 00 00
ff ff ff ff 00 00 00 00 00 00 00 00 00 00 00 00
ff ff ff ff 00 00 00 00 00 00 00 00 00 00 00 00
ff ff ff ff 00 00 00 00 00 00 00 00 00 00 00 00
ff ff ff ff 00 00 00 00 00 00 00 00 00 00 00 00
ff ff ff ff 00 00 00 00 00 00 00 00 00 00 00 00
ff ff ff ff 00 00 00 00 00 00 00 00 00 00 00 00
ff ff ff ff 00 00 00 00 00 00 00 00 00 00 00 00
ff ff ff ff 00 00 00 00 00 00 00 00 00 00 00 00
ff ff ff ff 00 00 00 00 00 02 00 00 00 00 00 10
01 31 08 17 00 00 09 ee 00 00 74 14 00 00 12 65
01 24 a3 b8 00 00 09 ef 00 00 76 3d 00 00 12 9c
00 00 00 00 00 00 00 00 00 00 00 00 ff ff ff ff
00 00 00 00 00 00 00 00 00 00 00 00 ff ff ff ff
00 00 00 00 00 00 00 00 00 00 00 00 ff ff ff ff
00 00 00 00 00 00 00 00 00 00 00 00 ff ff ff ff
00 00 00 00 00 00 00 00 00 00 00 00 ff ff ff ff
00 00 00 00 00 00 00 00 00 00 00 00 ff ff ff ff
00 00 00 00 00 00 00 00 00 00 00 00 ff ff ff ff
00 00 00 00 00 00 00 00 00 00 00 00 ff ff ff ff
00 00 00 00 00 00 00 00 00 00 00 00 ff ff ff ff
00 00 00 00 00 00 00 00 00 00 00 00 ff ff ff ff
00 00 00 00 00 00 00 00 00 00 00 00 ff ff ff ff
00 00 00 00 00 00 00 00 00 00 00 00 ff ff ff ff
00 00 00 00 00 00 00 00 00 00 00 00 ff ff ff ff
00 00 00 00 00 00 00 00 00 00 00 00 ff ff ff ff
00 00 00 00 00 07 00 00 00 00 00 10 01 71 cf 05
00 00 0b 7d 00 00 b0 e9 00 00 13 c2 01 6a f1 e1
00 00 0b 7d 00 00 b0 19 00 00 13 cd 00 00 00 00
00 00 00 00 00 00 00 00 ff ff ff ff 00 00 00 00
00 00 00 00 00 00 00 00 ff ff ff ff 00 00 00 00
00 00 00 00 00 00 00 00 ff ff ff ff 00 00 00 00
00 00 00 00 00 00 00 00 ff ff ff ff 00 00 00 00
00 00 00 00 00 00 00 00 ff ff ff ff 00 00 00 00
00 00 00 00 00 00 00 00 ff ff ff ff 00 00 00 00
00 00 00 00 00 00 00 00 ff ff ff ff 00 00 00 00
00 00 00 00 00 00 00 00 ff ff ff ff 00 00 00 00
00 00 00 00 00 00 00 00 ff ff ff ff 00 00 00 00
00 00 00 00 00 00 00 00 ff ff ff ff 00 00 00 00
00 00 00 00 00 00 00 00 ff ff ff ff 00 00 00 00
00 00 00 00 00 00 00 00 ff ff ff ff 00 00 00 00
00 00 00 00 00 00 00 00 ff ff ff ff 00 00 00 00
00 00 00 00 00 00 00 00 ff ff ff ff 00 00 00 00
00 05 00 00 00 00 00 10 01 0d 1a a8 00 00 0a 0d
00 00 74 9d 00 00 12 9c 00 ff 21 84 00 00 0a 0d
00 00 74 59 00 00 12 65 00 00 00 00 00 00 00 00
00 00 00 00 ff ff ff ff 00 00 00 00 00 00 00 00
00 00 00 00 ff ff ff ff 00 00 00 00 00 00 00 00
00 00 00 00 ff ff ff ff 00 00 00 00 00 00 00 00
00 00 00 00 ff ff ff ff 00 00 00 00 00 00 00 00
00 00 00 00 ff ff ff ff 00 00 00 00 00 00 00 00
00 00 00 00 ff ff ff ff 00 00 00 00 00 00 00 00
00 00 00 00 ff ff ff ff 00 00 00 00 00 00 00 00
00 00 00 00 ff ff ff ff 00 00 00 00 00 00 00 00
00 00 00 00 ff ff ff ff 00 00 00 00 00 00 00 00
00 00 00 00 ff ff ff ff 00 00 00 00 00 00 00 00
00 00 00 00 ff ff ff ff 00 00 00 00 00 00 00 00
00 00 00 00 ff ff ff ff 00 00 00 00 00 00 00 00
00 00 00 00 ff ff ff ff 00 00 00 00 00 00 00 00
00 00 00 00 ff ff ff ff 00 00 00 00 00 08 00 00
00 00 00 10 00 f0 70 7e 00 00 09 23 00 00 74 59
00 00 12 c8 00 f0 10 b6 00 00 09 23 00 00 74 9d
00 00 12 91 00 00 00 00 00 00 00 00 00 00 00 00
ff ff ff ff 00 00 00 00 00 00 00 00 00 00 00 00
ff ff ff ff 00 00 00 00 00 00 00 00 00 00 00 00
ff ff ff ff 00 00 00 00 00 00 00 00 00 00 00 00
ff ff ff ff 00 00 00 00 00 00 00 00 00 00 00 00
ff ff ff ff 00 00 00 00 00 00 00 00 00 00 00 00
ff ff ff ff 00 00 00 00 00 00 00 00 00 00 00 00
ff ff ff ff 00 00 00 00 00 00 00 00 00 00 00 00
ff ff ff ff 00 00 00 00 00 00 00 00 00 00 00 00
ff ff ff ff 00 00 00 00 00 00 00 00 00 00 00 00
ff ff ff ff 00 00 00 00 00 00 00 00 00 00 00 00
ff ff ff ff 00 00 00 00 00 00 00 00 00 00 00 00
ff ff ff ff 00 00 00 00 00 00 00 00 00 00 00 00
ff ff ff ff 00 00 00 00 00 00 00 00 00 00 00 00
ff ff ff ff 00 00 00 00 00 00 00 00 00 00 00 00